Numbers 0.000000 0.000000 3.000000 3.000000 0.000000 0.000000
Numbers 8.933333 10.866667 14.000000 14.000000 11.066667 13.600000
Numbers 19.100000 8.733333 16.000000 16.000000 19.266667 8.200000
Numbers 13.900000 4.533333 17.000000 17.000000 9.800000 4.533333
Numbers 13.700000 12.800000 31.000000 31.000000 17.866667 16.533333
Numbers 28.133333 28.100000 25.000000 37.000000 24.866667 33.000000
Numbers 14.366667 40.566667 4.000000 36.000000 11.133333 41.433333
Numbers -12.800000 27.766667 -16.000000 16.000000 -12.466667 26.566667
Numbers -11.200000 26.133333 -17.000000 17.000000 -6.733333 26.166667
Numbers -6.133333 24.633333 -16.000000 16.000000 -6.966667 24.100000
Numbers -4.966667 12.433333 0.000000 0.000000 -4.966667 10.900000
Numbers 0.000000 11.233333 0.000000 0.000000 0.000000 0.000000
Numbers 0.000000 0.000000 -1.000000 1.000000 0.000000 0.000000
Numbers -3.166667 4.066667 -12.000000 12.000000 -3.166667 9.433333
Numbers 0.000000 7.866667 -12.000000 12.000000 0.000000 7.100000
Numbers 0.000000 0.000000 -13.000000 13.000000 0.000000 0.000000
Numbers -4.266667 4.100000 -25.000000 25.000000 -9.166667 7.933333
Numbers -11.766667 19.266667 -30.000000 34.000000 -17.533333 21.633333
Numbers -12.766667 40.700000 -15.000000 49.000000 -12.566667 41.366667
Numbers -7.733333 55.166667 -11.000000 53.000000 -9.233333 57.600000
Numbers -4.533333 63.800000 -10.000000 52.000000 -4.233333 65.700000
Numbers -1.366667 65.300000 -10.000000 52.000000 -1.666667 65.866667
Numbers 0.000000 65.733333 -11.000000 53.000000 0.000000 50.400000
Numbers 0.000000 69.333333 -11.000000 53.000000 0.000000 66.900000
Numbers 0.000000 66.700000 -11.000000 53.000000 0.000000 66.666667
Numbers 0.000000 68.100000 -12.000000 48.000000 0.000000 63.366667
Numbers 17.133333 33.733333 17.000000 17.000000 20.766667 30.133333
Numbers 22.233333 26.900000 17.000000 17.000000 24.033333 28.166667
Numbers 20.533333 24.233333 15.000000 9.000000 19.800000 22.733333
Numbers 39.200000 5.800000 33.000000 -13.000000 39.033333 4.633333
Numbers 30.100000 -10.033333 46.000000 -38.000000 39.433333 -15.933333
Numbers 57.200000 -57.300000 58.000000 -58.000000 58.933333 -59.500000
Numbers 74.900000 -63.533333 59.000000 -59.000000 75.433333 -64.566667
Numbers 72.566667 -68.400000 52.000000 -52.000000 74.933333 -72.100000
Numbers 2.266667 -14.866667 -9.000000 -9.000000 -1.233333 -18.933333
Numbers 10.933333 -22.433333 -3.000000 -3.000000 10.066667 -17.033333
Numbers -2.966667 -6.766667 0.000000 0.000000 -2.966667 -6.166667
Numbers 0.000000 -7.666667 -10.000000 -10.000000 -7.866667 -9.633333
Numbers -14.833333 -38.500000 -30.000000 -30.000000 -9.900000 -27.600000
Numbers -25.333333 -29.466667 -36.000000 -36.000000 -30.866667 -29.733333
Numbers -39.733333 -40.933333 -38.000000 -38.000000 -41.700000 -42.933333
Numbers -48.500000 -48.266667 -36.000000 -36.000000 -49.433333 -49.533333
Numbers -51.366667 -52.666667 -36.000000 -36.000000 -50.733333 -54.633333
Numbers -48.433333 -52.233333 -32.000000 -32.000000 -48.766667 -52.400000
Numbers -49.966667 -53.000000 -32.000000 -32.000000 -50.900000 -52.633333
Numbers -48.733333 -49.666667 -25.000000 -25.000000 -46.133333 -46.733333
Numbers -25.233333 -25.233333 -3.000000 -3.000000 -18.600000 -18.500000
Numbers -19.300000 -29.100000 0.000000 0.000000 -29.600000 -37.133333
Numbers -19.433333 -25.266667 0.000000 0.000000 -16.400000 -21.133333
Numbers -12.466667 -10.966667 6.000000 6.000000 -8.300000 -10.966667
Numbers -6.200000 1.866667 12.000000 12.000000 5.233333 2.833333
Numbers 6.433333 23.566667 -3.000000 35.000000 4.766667 23.533333
Numbers -4.333333 43.166667 2.000000 48.000000 -4.333333 44.933333
Numbers 10.166667 65.133333 14.000000 62.000000 13.700000 62.466667
Numbers 18.200000 71.566667 13.000000 61.000000 17.233333 75.000000
Numbers 16.933333 61.633333 13.000000 63.000000 16.900000 81.233333
Numbers 17.166667 85.700000 13.000000 61.000000 17.133333 82.566667
Numbers 17.100000 85.366667 12.000000 62.000000 16.566667 84.466667
Numbers 17.333333 85.833333 12.000000 62.000000 17.466667 86.133333
Numbers 17.700000 87.566667 17.000000 57.000000 18.433333 81.900000
Numbers 47.500000 66.200000 37.000000 37.000000 45.833333 65.266667
Numbers 31.366667 66.066667 37.000000 37.000000 35.500000 67.633333
Numbers 44.600000 61.666667 35.000000 35.000000 44.966667 59.566667
Numbers 43.066667 52.400000 27.000000 21.000000 42.666667 46.666667
Numbers 32.200000 16.733333 19.000000 -5.000000 29.666667 17.000000
Numbers 45.500000 0.000000 32.000000 -32.000000 49.333333 -8.633333
Numbers 31.466667 -24.233333 32.000000 -32.000000 30.133333 -24.533333
Numbers 36.266667 -30.266667 32.000000 -32.000000 36.666667 -30.833333
Numbers 36.633333 -32.933333 30.000000 -34.000000 33.666667 -37.066667
Numbers 26.066667 -45.033333 13.000000 -51.000000 20.633333 -48.333333
Numbers 18.466667 -56.733333 14.000000 -50.000000 18.166667 -57.333333
Numbers 8.400000 -62.400000 -3.000000 -49.000000 8.400000 -61.866667
Numbers -34.166667 -44.466667 -26.000000 -26.000000 -37.133333 -44.700000
Numbers -11.833333 -45.400000 -26.000000 -26.000000 -16.700000 -45.466667
Numbers -26.900000 -41.433333 -26.000000 -26.000000 -28.800000 -38.666667
Numbers -33.700000 -36.300000 -27.000000 -27.000000 -34.800000 -35.866667
Numbers -35.366667 -37.633333 -17.000000 -23.000000 -32.333333 -35.833333
Numbers 0.000000 -9.033333 11.000000 -11.000000 4.133333 -9.900000
Numbers 8.733333 -41.066667 27.000000 -27.000000 8.033333 -44.666667
Numbers 21.400000 -29.833333 38.000000 -38.000000 24.400000 -23.933333
Numbers 48.333333 -49.100000 55.000000 -55.000000 51.266667 -52.966667
Numbers 69.333333 -68.066667 63.000000 -63.000000 74.533333 -67.666667
Numbers 85.166667 -81.066667 65.000000 -65.000000 89.800000 -81.633333
Numbers 98.666667 -86.066667 65.000000 -65.000000 97.700000 -89.166667
Numbers 102.200000 -89.666667 65.000000 -65.000000 103.100000 -85.900000
Numbers 97.733333 -81.666667 59.000000 -59.000000 96.900000 -80.666667
Numbers 88.933333 -55.900000 47.000000 -23.000000 85.600000 -45.933333
Numbers 48.266667 2.066667 21.000000 21.000000 42.033333 6.766667
Numbers 60.666667 16.233333 33.000000 33.000000 60.433333 14.600000
Numbers 63.600000 37.433333 35.000000 35.000000 61.733333 37.800000
Numbers 36.966667 33.833333 17.000000 17.000000 30.766667 30.566667
Numbers 2.100000 28.433333 -9.000000 17.000000 -6.866667 28.100000
Numbers -10.366667 37.966667 -25.000000 25.000000 -19.133333 40.600000
Numbers -12.866667 26.033333 -25.000000 25.000000 -12.133333 18.600000
Numbers -9.933333 10.666667 0.000000 0.000000 -9.333333 7.366667
Numbers 0.000000 9.700000 0.000000 0.000000 0.000000 4.133333
Numbers 0.000000 0.000000 3.000000 3.000000 0.000000 0.000000
Numbers 13.866667 14.300000 12.000000 12.000000 14.333333 16.100000
Numbers 23.700000 9.766667 17.000000 17.000000 22.600000 9.700000
Numbers 13.333333 8.233333 17.000000 17.000000 11.033333 9.000000
Numbers 12.600000 13.366667 11.000000 11.000000 13.966667 13.266667
Numbers 6.433333 13.100000 13.000000 -13.000000 4.466667 -1.033333
Numbers 17.933333 -18.166667 17.000000 -17.000000 15.966667 -10.600000
Numbers 19.900000 -14.866667 27.000000 -27.000000 18.733333 -11.333333
Numbers 24.766667 -22.666667 28.000000 -28.000000 24.466667 -24.966667
Numbers 34.900000 -31.433333 38.000000 -38.000000 35.766667 -35.700000
Numbers 50.600000 -54.800000 52.000000 -52.000000 49.800000 -53.400000
Numbers 53.900000 -68.033333 36.000000 -68.000000 52.666667 -68.700000
Numbers 49.233333 -82.666667 28.000000 -76.000000 46.700000 -89.800000
Numbers 24.000000 -99.500000 7.000000 -95.000000 19.266667 -102.200000
Numbers 8.433333 -115.200000 2.000000 -90.000000 5.733333 -122.133333
Numbers -4.333333 -94.200000 -48.000000 -48.000000 -14.733333 -86.433333
Numbers -40.033333 -86.066667 -48.000000 -48.000000 -43.233333 -85.400000
Numbers -58.800000 -81.600000 -48.000000 -48.000000 -59.300000 -79.633333
Numbers -44.200000 -39.366667 -6.000000 6.000000 -23.933333 -24.233333
Numbers -10.300000 -4.566667 -5.000000 5.000000 -28.000000 2.966667
Numbers -15.333333 4.433333 -4.000000 4.000000 -12.600000 4.466667
Numbers -4.200000 5.700000 -5.000000 5.000000 -3.933333 7.766667
Numbers -4.700000 8.000000 6.000000 16.000000 -1.933333 8.400000
Numbers 18.866667 13.333333 21.000000 31.000000 12.266667 12.300000
Numbers 21.933333 27.300000 31.000000 39.000000 27.066667 27.900000
Numbers 21.166667 52.833333 4.000000 70.000000 18.233333 66.466667
Numbers 0.000000 86.066667 -12.000000 82.000000 -1.733333 96.733333
Numbers -1.766667 118.300000 -17.000000 87.000000 -1.800000 113.466667
Numbers -12.666667 118.700000 -19.000000 87.000000 -15.066667 89.900000
Numbers -16.266667 118.933333 -17.000000 87.000000 -18.900000 116.233333
Numbers -24.566667 119.066667 -19.000000 87.000000 -25.500000 115.966667
Numbers -26.800000 111.466667 -18.000000 88.000000 -27.633333 120.600000
Numbers -60.566667 46.000000 -39.000000 67.000000 -66.200000 93.500000
Numbers -91.166667 79.133333 -54.000000 54.000000 -92.833333 77.133333
Numbers -79.933333 63.033333 -56.000000 48.000000 -80.833333 44.533333
Numbers -106.233333 40.033333 -77.000000 29.000000 -108.833333 37.500000
Numbers -113.866667 34.333333 -83.000000 23.000000 -120.166667 27.400000
Numbers -122.533333 21.866667 -84.000000 18.000000 -120.966667 19.366667
Numbers -123.933333 19.833333 -88.000000 16.000000 -125.066667 18.866667
Numbers -92.400000 10.233333 -36.000000 -36.000000 -74.466667 -51.233333
Numbers -57.233333 -24.300000 -33.000000 -33.000000 -56.500000 -24.900000
Numbers -51.200000 -12.066667 -27.000000 -27.000000 -48.133333 0.000000
Numbers -21.766667 -3.800000 -16.000000 -16.000000 -21.766667 -3.800000
Numbers 8.933333 2.566667 0.000000 0.000000 9.233333 5.466667
Numbers 5.300000 7.633333 0.000000 0.000000 5.300000 7.933333